Window size in pixels 
    10     10    

Window size in world coordinates 
     8      6 

Location of Viewpoint 
   0.0    2.0    3.0

Dumping object of type Light 

Light data 
emissivity -    6.000   6.000  16.000
center     -    0.000   0.000   5.000

Dumping object of type Light 

Light data 
emissivity -    2.000   6.000   6.000
center     -    0.000  10.000  -5.000

Dumping object of type Light 

Light data 
emissivity -    6.000   6.000  26.000
center     -    0.000  11.000  -3.000

Dumping object of type Light 

Light data 
emissivity -   16.000   6.000   6.000
center     -    0.000  11.000  -3.000

Dumping object of type Tiled Plane 
Material data -
Ambient  -    0.200   0.200   0.200
Diffuse  -    5.000   5.000   4.000
Specular -    0.000   0.000   0.000

Plane data 
normal -    0.000   1.000   0.000
point  -    0.000  -4.000   0.000
X  axis    -    1.000   0.000   1.000
Dimensions -    1.000   1.000
Material data -
Ambient  -    0.200   0.200   0.200
Diffuse  -    0.000   0.000   0.200
Specular -    0.000   0.000   0.000
Unitized x direction        0.707   0.000   0.707
Projected x direction       0.707   0.000   0.707
Unit/proj x direction       0.707   0.000   0.707

Dumping object of type Plane 
Material data -
Ambient  -    0.200   0.200   0.200
Diffuse  -    3.000   0.000   2.300
Specular -    2.000   2.000   2.000

Plane data 
normal -    0.000   0.000   1.000
point  -   -4.000   0.000  -5.500

PIX:  ROW = 0 COL = 0 - WRL ( -4.0,  -3.0) - Original hit point      -4.800  -4.000  -0.600
Rotation matrix       
   0.707   0.000   0.707
   0.707   0.000  -0.707
   0.000   1.000   0.000
Rotated  hit point      -3.818  -2.970  -4.000
X index                996.182
Y index                997.030
Original hit point      -4.800  -4.000  -0.600
Rotation matrix       
   0.707   0.000   0.707
   0.707   0.000  -0.707
   0.000   1.000   0.000
Rotated  hit point      -3.818  -2.970  -4.000
X index                996.182
Y index                997.030
Original hit point      -4.800  -4.000  -0.600
Rotation matrix       
   0.707   0.000   0.707
   0.707   0.000  -0.707
   0.000   1.000   0.000
Rotated  hit point      -3.818  -2.970  -4.000
X index                996.182
Y index                997.030
Original hit point      -4.800  -4.000  -0.600
Rotation matrix       
   0.707   0.000   0.707
   0.707   0.000  -0.707
   0.000   1.000   0.000
Rotated  hit point      -3.818  -2.970  -4.000
X index                996.182
Y index                997.030
Original hit point      -4.800  -4.000  -0.600
Rotation matrix       
   0.707   0.000   0.707
   0.707   0.000  -0.707
   0.000   1.000   0.000
Rotated  hit point      -3.818  -2.970  -4.000
X index                996.182
Y index                997.030
Original hit point      -4.800  -4.000  -0.600
Rotation matrix       
   0.707   0.000   0.707
   0.707   0.000  -0.707
   0.000   1.000   0.000
Rotated  hit point      -3.818  -2.970  -4.000
X index                996.182
Y index                997.030

PIX:  ROW = 1 COL = 0 - WRL ( -3.1,  -3.0) - Original hit point      -3.733  -4.000  -0.600
Rotation matrix       
   0.707   0.000   0.707
   0.707   0.000  -0.707
   0.000   1.000   0.000
Rotated  hit point      -3.064  -2.216  -4.000
X index                996.936
Y index                997.784
Original hit point      -3.733  -4.000  -0.600
Rotation matrix       
   0.707   0.000   0.707
   0.707   0.000  -0.707
   0.000   1.000   0.000
Rotated  hit point      -3.064  -2.216  -4.000
X index                996.936
Y index                997.784
Original hit point      -3.733  -4.000  -0.600
Rotation matrix       
   0.707   0.000   0.707
   0.707   0.000  -0.707
   0.000   1.000   0.000
Rotated  hit point      -3.064  -2.216  -4.000
X index                996.936
Y index                997.784
Original hit point      -3.733  -4.000  -0.600
Rotation matrix       
   0.707   0.000   0.707
   0.707   0.000  -0.707
   0.000   1.000   0.000
Rotated  hit point      -3.064  -2.216  -4.000
X index                996.936
Y index                997.784
Original hit point      -3.733  -4.000  -0.600
Rotation matrix       
   0.707   0.000   0.707
   0.707   0.000  -0.707
   0.000   1.000   0.000
Rotated  hit point      -3.064  -2.216  -4.000
X index                996.936
Y index                997.784
Original hit point      -3.733  -4.000  -0.600
Rotation matrix       
   0.707   0.000   0.707
   0.707   0.000  -0.707
   0.000   1.000   0.000
Rotated  hit point      -3.064  -2.216  -4.000
X index                996.936
Y index                997.784

PIX:  ROW = 2 COL = 0 - WRL ( -2.2,  -3.0) - Original hit point      -2.667  -4.000  -0.600
Rotation matrix       
   0.707   0.000   0.707
   0.707   0.000  -0.707
   0.000   1.000   0.000
Rotated  hit point      -2.310  -1.461  -4.000
X index                997.690
Y index                998.539
Original hit point      -2.667  -4.000  -0.600
Rotation matrix       
   0.707   0.000   0.707
   0.707   0.000  -0.707
   0.000   1.000   0.000
Rotated  hit point      -2.310  -1.461  -4.000
X index                997.690
Y index                998.539
Original hit point      -2.667  -4.000  -0.600
Rotation matrix       
   0.707   0.000   0.707
   0.707   0.000  -0.707
   0.000   1.000   0.000
Rotated  hit point      -2.310  -1.461  -4.000
X index                997.690
Y index                998.539
Original hit point      -2.667  -4.000  -0.600
Rotation matrix       
   0.707   0.000   0.707
   0.707   0.000  -0.707
   0.000   1.000   0.000
Rotated  hit point      -2.310  -1.461  -4.000
X index                997.690
Y index                998.539
Original hit point      -2.667  -4.000  -0.600
Rotation matrix       
   0.707   0.000   0.707
   0.707   0.000  -0.707
   0.000   1.000   0.000
Rotated  hit point      -2.310  -1.461  -4.000
X index                997.690
Y index                998.539
Original hit point      -2.667  -4.000  -0.600
Rotation matrix       
   0.707   0.000   0.707
   0.707   0.000  -0.707
   0.000   1.000   0.000
Rotated  hit point      -2.310  -1.461  -4.000
X index                997.690
Y index                998.539

PIX:  ROW = 3 COL = 0 - WRL ( -1.3,  -3.0) - Original hit point      -1.600  -4.000  -0.600
Rotation matrix       
   0.707   0.000   0.707
   0.707   0.000  -0.707
   0.000   1.000   0.000
Rotated  hit point      -1.556  -0.707  -4.000
X index                998.444
Y index                999.293
Original hit point      -1.600  -4.000  -0.600
Rotation matrix       
   0.707   0.000   0.707
   0.707   0.000  -0.707
   0.000   1.000   0.000
Rotated  hit point      -1.556  -0.707  -4.000
X index                998.444
Y index                999.293
Original hit point      -1.600  -4.000  -0.600
Rotation matrix       
   0.707   0.000   0.707
   0.707   0.000  -0.707
   0.000   1.000   0.000
Rotated  hit point      -1.556  -0.707  -4.000
X index                998.444
Y index                999.293
Original hit point      -1.600  -4.000  -0.600
Rotation matrix       
   0.707   0.000   0.707
   0.707   0.000  -0.707
   0.000   1.000   0.000
Rotated  hit point      -1.556  -0.707  -4.000
X index                998.444
Y index                999.293
Original hit point      -1.600  -4.000  -0.600
Rotation matrix       
   0.707   0.000   0.707
   0.707   0.000  -0.707
   0.000   1.000   0.000
Rotated  hit point      -1.556  -0.707  -4.000
X index                998.444
Y index                999.293
Original hit point      -1.600  -4.000  -0.600
Rotation matrix       
   0.707   0.000   0.707
   0.707   0.000  -0.707
   0.000   1.000   0.000
Rotated  hit point      -1.556  -0.707  -4.000
X index                998.444
Y index                999.293

PIX:  ROW = 4 COL = 0 - WRL ( -0.4,  -3.0) - Original hit point      -0.533  -4.000  -0.600
Rotation matrix       
   0.707   0.000   0.707
   0.707   0.000  -0.707
   0.000   1.000   0.000
Rotated  hit point      -0.801   0.047  -4.000
X index                999.199
Y index               1000.047
Original hit point      -0.533  -4.000  -0.600
Rotation matrix       
   0.707   0.000   0.707
   0.707   0.000  -0.707
   0.000   1.000   0.000
Rotated  hit point      -0.801   0.047  -4.000
X index                999.199
Y index               1000.047
Original hit point      -0.533  -4.000  -0.600
Rotation matrix       
   0.707   0.000   0.707
   0.707   0.000  -0.707
   0.000   1.000   0.000
Rotated  hit point      -0.801   0.047  -4.000
X index                999.199
Y index               1000.047
Original hit point      -0.533  -4.000  -0.600
Rotation matrix       
   0.707   0.000   0.707
   0.707   0.000  -0.707
   0.000   1.000   0.000
Rotated  hit point      -0.801   0.047  -4.000
X index                999.199
Y index               1000.047
Original hit point      -0.533  -4.000  -0.600
Rotation matrix       
   0.707   0.000   0.707
   0.707   0.000  -0.707
   0.000   1.000   0.000
Rotated  hit point      -0.801   0.047  -4.000
X index                999.199
Y index               1000.047
Original hit point      -0.533  -4.000  -0.600
Rotation matrix       
   0.707   0.000   0.707
   0.707   0.000  -0.707
   0.000   1.000   0.000
Rotated  hit point      -0.801   0.047  -4.000
X index                999.199
Y index               1000.047

PIX:  ROW = 5 COL = 0 - WRL (  0.4,  -3.0) - Original hit point       0.533  -4.000  -0.600
Rotation matrix       
   0.707   0.000   0.707
   0.707   0.000  -0.707
   0.000   1.000   0.000
Rotated  hit point      -0.047   0.801  -4.000
X index                999.953
Y index               1000.801
Original hit point       0.533  -4.000  -0.600
Rotation matrix       
   0.707   0.000   0.707
   0.707   0.000  -0.707
   0.000   1.000   0.000
Rotated  hit point      -0.047   0.801  -4.000
X index                999.953
Y index               1000.801
Original hit point       0.533  -4.000  -0.600
Rotation matrix       
   0.707   0.000   0.707
   0.707   0.000  -0.707
   0.000   1.000   0.000
Rotated  hit point      -0.047   0.801  -4.000
X index                999.953
Y index               1000.801
Original hit point       0.533  -4.000  -0.600
Rotation matrix       
   0.707   0.000   0.707
   0.707   0.000  -0.707
   0.000   1.000   0.000
Rotated  hit point      -0.047   0.801  -4.000
X index                999.953
Y index               1000.801
Original hit point       0.533  -4.000  -0.600
Rotation matrix       
   0.707   0.000   0.707
   0.707   0.000  -0.707
   0.000   1.000   0.000
Rotated  hit point      -0.047   0.801  -4.000
X index                999.953
Y index               1000.801
Original hit point       0.533  -4.000  -0.600
Rotation matrix       
   0.707   0.000   0.707
   0.707   0.000  -0.707
   0.000   1.000   0.000
Rotated  hit point      -0.047   0.801  -4.000
X index                999.953
Y index               1000.801

PIX:  ROW = 6 COL = 0 - WRL (  1.3,  -3.0) - Original hit point       1.600  -4.000  -0.600
Rotation matrix       
   0.707   0.000   0.707
   0.707   0.000  -0.707
   0.000   1.000   0.000
Rotated  hit point       0.707   1.556  -4.000
X index               1000.707
Y index               1001.556
Original hit point       1.600  -4.000  -0.600
Rotation matrix       
   0.707   0.000   0.707
   0.707   0.000  -0.707
   0.000   1.000   0.000
Rotated  hit point       0.707   1.556  -4.000
X index               1000.707
Y index               1001.556
Original hit point       1.600  -4.000  -0.600
Rotation matrix       
   0.707   0.000   0.707
   0.707   0.000  -0.707
   0.000   1.000   0.000
Rotated  hit point       0.707   1.556  -4.000
X index               1000.707
Y index               1001.556
Original hit point       1.600  -4.000  -0.600
Rotation matrix       
   0.707   0.000   0.707
   0.707   0.000  -0.707
   0.000   1.000   0.000
Rotated  hit point       0.707   1.556  -4.000
X index               1000.707
Y index               1001.556
Original hit point       1.600  -4.000  -0.600
Rotation matrix       
   0.707   0.000   0.707
   0.707   0.000  -0.707
   0.000   1.000   0.000
Rotated  hit point       0.707   1.556  -4.000
X index               1000.707
Y index               1001.556
Original hit point       1.600  -4.000  -0.600
Rotation matrix       
   0.707   0.000   0.707
   0.707   0.000  -0.707
   0.000   1.000   0.000
Rotated  hit point       0.707   1.556  -4.000
X index               1000.707
Y index               1001.556

PIX:  ROW = 7 COL = 0 - WRL (  2.2,  -3.0) - Original hit point       2.667  -4.000  -0.600
Rotation matrix       
   0.707   0.000   0.707
   0.707   0.000  -0.707
   0.000   1.000   0.000
Rotated  hit point       1.461   2.310  -4.000
X index               1001.461
Y index               1002.310
Original hit point       2.667  -4.000  -0.600
Rotation matrix       
   0.707   0.000   0.707
   0.707   0.000  -0.707
   0.000   1.000   0.000
Rotated  hit point       1.461   2.310  -4.000
X index               1001.461
Y index               1002.310
Original hit point       2.667  -4.000  -0.600
Rotation matrix       
   0.707   0.000   0.707
   0.707   0.000  -0.707
   0.000   1.000   0.000
Rotated  hit point       1.461   2.310  -4.000
X index               1001.461
Y index               1002.310
Original hit point       2.667  -4.000  -0.600
Rotation matrix       
   0.707   0.000   0.707
   0.707   0.000  -0.707
   0.000   1.000   0.000
Rotated  hit point       1.461   2.310  -4.000
X index               1001.461
Y index               1002.310
Original hit point       2.667  -4.000  -0.600
Rotation matrix       
   0.707   0.000   0.707
   0.707   0.000  -0.707
   0.000   1.000   0.000
Rotated  hit point       1.461   2.310  -4.000
X index               1001.461
Y index               1002.310
Original hit point       2.667  -4.000  -0.600
Rotation matrix       
   0.707   0.000   0.707
   0.707   0.000  -0.707
   0.000   1.000   0.000
Rotated  hit point       1.461   2.310  -4.000
X index               1001.461
Y index               1002.310

PIX:  ROW = 8 COL = 0 - WRL (  3.1,  -3.0) - Original hit point       3.733  -4.000  -0.600
Rotation matrix       
   0.707   0.000   0.707
   0.707   0.000  -0.707
   0.000   1.000   0.000
Rotated  hit point       2.216   3.064  -4.000
X index               1002.216
Y index               1003.064
Original hit point       3.733  -4.000  -0.600
Rotation matrix       
   0.707   0.000   0.707
   0.707   0.000  -0.707
   0.000   1.000   0.000
Rotated  hit point       2.216   3.064  -4.000
X index               1002.216
Y index               1003.064
Original hit point       3.733  -4.000  -0.600
Rotation matrix       
   0.707   0.000   0.707
   0.707   0.000  -0.707
   0.000   1.000   0.000
Rotated  hit point       2.216   3.064  -4.000
X index               1002.216
Y index               1003.064
Original hit point       3.733  -4.000  -0.600
Rotation matrix       
   0.707   0.000   0.707
   0.707   0.000  -0.707
   0.000   1.000   0.000
Rotated  hit point       2.216   3.064  -4.000
X index               1002.216
Y index               1003.064
Original hit point       3.733  -4.000  -0.600
Rotation matrix       
   0.707   0.000   0.707
   0.707   0.000  -0.707
   0.000   1.000   0.000
Rotated  hit point       2.216   3.064  -4.000
X index               1002.216
Y index               1003.064
Original hit point       3.733  -4.000  -0.600
Rotation matrix       
   0.707   0.000   0.707
   0.707   0.000  -0.707
   0.000   1.000   0.000
Rotated  hit point       2.216   3.064  -4.000
X index               1002.216
Y index               1003.064

PIX:  ROW = 9 COL = 0 - WRL (  4.0,  -3.0) - Original hit point       4.800  -4.000  -0.600
Rotation matrix       
   0.707   0.000   0.707
   0.707   0.000  -0.707
   0.000   1.000   0.000
Rotated  hit point       2.970   3.818  -4.000
X index               1002.970
Y index               1003.818
Original hit point       4.800  -4.000  -0.600
Rotation matrix       
   0.707   0.000   0.707
   0.707   0.000  -0.707
   0.000   1.000   0.000
Rotated  hit point       2.970   3.818  -4.000
X index               1002.970
Y index               1003.818
Original hit point       4.800  -4.000  -0.600
Rotation matrix       
   0.707   0.000   0.707
   0.707   0.000  -0.707
   0.000   1.000   0.000
Rotated  hit point       2.970   3.818  -4.000
X index               1002.970
Y index               1003.818
Original hit point       4.800  -4.000  -0.600
Rotation matrix       
   0.707   0.000   0.707
   0.707   0.000  -0.707
   0.000   1.000   0.000
Rotated  hit point       2.970   3.818  -4.000
X index               1002.970
Y index               1003.818
Original hit point       4.800  -4.000  -0.600
Rotation matrix       
   0.707   0.000   0.707
   0.707   0.000  -0.707
   0.000   1.000   0.000
Rotated  hit point       2.970   3.818  -4.000
X index               1002.970
Y index               1003.818
Original hit point       4.800  -4.000  -0.600
Rotation matrix       
   0.707   0.000   0.707
   0.707   0.000  -0.707
   0.000   1.000   0.000
Rotated  hit point       2.970   3.818  -4.000
X index               1002.970
Y index               1003.818

PIX:  ROW = 0 COL = 1 - WRL ( -4.0,  -2.3) - Original hit point      -5.538  -4.000  -1.154
Rotation matrix       
   0.707   0.000   0.707
   0.707   0.000  -0.707
   0.000   1.000   0.000
Rotated  hit point      -4.732  -3.100  -4.000
X index                995.268
Y index                996.900
Original hit point      -5.538  -4.000  -1.154
Rotation matrix       
   0.707   0.000   0.707
   0.707   0.000  -0.707
   0.000   1.000   0.000
Rotated  hit point      -4.732  -3.100  -4.000
X index                995.268
Y index                996.900
Original hit point      -5.538  -4.000  -1.154
Rotation matrix       
   0.707   0.000   0.707
   0.707   0.000  -0.707
   0.000   1.000   0.000
Rotated  hit point      -4.732  -3.100  -4.000
X index                995.268
Y index                996.900
Original hit point      -5.538  -4.000  -1.154
Rotation matrix       
   0.707   0.000   0.707
   0.707   0.000  -0.707
   0.000   1.000   0.000
Rotated  hit point      -4.732  -3.100  -4.000
X index                995.268
Y index                996.900
Original hit point      -5.538  -4.000  -1.154
Rotation matrix       
   0.707   0.000   0.707
   0.707   0.000  -0.707
   0.000   1.000   0.000
Rotated  hit point      -4.732  -3.100  -4.000
X index                995.268
Y index                996.900
Original hit point      -5.538  -4.000  -1.154
Rotation matrix       
   0.707   0.000   0.707
   0.707   0.000  -0.707
   0.000   1.000   0.000
Rotated  hit point      -4.732  -3.100  -4.000
X index                995.268
Y index                996.900

PIX:  ROW = 1 COL = 1 - WRL ( -3.1,  -2.3) - Original hit point      -4.308  -4.000  -1.154
Rotation matrix       
   0.707   0.000   0.707
   0.707   0.000  -0.707
   0.000   1.000   0.000
Rotated  hit point      -3.862  -2.230  -4.000
X index                996.138
Y index                997.770
Original hit point      -4.308  -4.000  -1.154
Rotation matrix       
   0.707   0.000   0.707
   0.707   0.000  -0.707
   0.000   1.000   0.000
Rotated  hit point      -3.862  -2.230  -4.000
X index                996.138
Y index                997.770
Original hit point      -4.308  -4.000  -1.154
Rotation matrix       
   0.707   0.000   0.707
   0.707   0.000  -0.707
   0.000   1.000   0.000
Rotated  hit point      -3.862  -2.230  -4.000
X index                996.138
Y index                997.770
Original hit point      -4.308  -4.000  -1.154
Rotation matrix       
   0.707   0.000   0.707
   0.707   0.000  -0.707
   0.000   1.000   0.000
Rotated  hit point      -3.862  -2.230  -4.000
X index                996.138
Y index                997.770
Original hit point      -4.308  -4.000  -1.154
Rotation matrix       
   0.707   0.000   0.707
   0.707   0.000  -0.707
   0.000   1.000   0.000
Rotated  hit point      -3.862  -2.230  -4.000
X index                996.138
Y index                997.770
Original hit point      -4.308  -4.000  -1.154
Rotation matrix       
   0.707   0.000   0.707
   0.707   0.000  -0.707
   0.000   1.000   0.000
Rotated  hit point      -3.862  -2.230  -4.000
X index                996.138
Y index                997.770

PIX:  ROW = 2 COL = 1 - WRL ( -2.2,  -2.3) - Original hit point      -3.077  -4.000  -1.154
Rotation matrix       
   0.707   0.000   0.707
   0.707   0.000  -0.707
   0.000   1.000   0.000
Rotated  hit point      -2.992  -1.360  -4.000
X index                997.008
Y index                998.640
Original hit point      -3.077  -4.000  -1.154
Rotation matrix       
   0.707   0.000   0.707
   0.707   0.000  -0.707
   0.000   1.000   0.000
Rotated  hit point      -2.992  -1.360  -4.000
X index                997.008
Y index                998.640
Original hit point      -3.077  -4.000  -1.154
Rotation matrix       
   0.707   0.000   0.707
   0.707   0.000  -0.707
   0.000   1.000   0.000
Rotated  hit point      -2.992  -1.360  -4.000
X index                997.008
Y index                998.640
Original hit point      -3.077  -4.000  -1.154
Rotation matrix       
   0.707   0.000   0.707
   0.707   0.000  -0.707
   0.000   1.000   0.000
Rotated  hit point      -2.992  -1.360  -4.000
X index                997.008
Y index                998.640
Original hit point      -3.077  -4.000  -1.154
Rotation matrix       
   0.707   0.000   0.707
   0.707   0.000  -0.707
   0.000   1.000   0.000
Rotated  hit point      -2.992  -1.360  -4.000
X index                997.008
Y index                998.640
Original hit point      -3.077  -4.000  -1.154
Rotation matrix       
   0.707   0.000   0.707
   0.707   0.000  -0.707
   0.000   1.000   0.000
Rotated  hit point      -2.992  -1.360  -4.000
X index                997.008
Y index                998.640

PIX:  ROW = 3 COL = 1 - WRL ( -1.3,  -2.3) - Original hit point      -1.846  -4.000  -1.154
Rotation matrix       
   0.707   0.000   0.707
   0.707   0.000  -0.707
   0.000   1.000   0.000
Rotated  hit point      -2.121  -0.490  -4.000
X index                997.879
Y index                999.510
Original hit point      -1.846  -4.000  -1.154
Rotation matrix       
   0.707   0.000   0.707
   0.707   0.000  -0.707
   0.000   1.000   0.000
Rotated  hit point      -2.121  -0.490  -4.000
X index                997.879
Y index                999.510
Original hit point      -1.846  -4.000  -1.154
Rotation matrix       
   0.707   0.000   0.707
   0.707   0.000  -0.707
   0.000   1.000   0.000
Rotated  hit point      -2.121  -0.490  -4.000
X index                997.879
Y index                999.510
Original hit point      -1.846  -4.000  -1.154
Rotation matrix       
   0.707   0.000   0.707
   0.707   0.000  -0.707
   0.000   1.000   0.000
Rotated  hit point      -2.121  -0.490  -4.000
X index                997.879
Y index                999.510
Original hit point      -1.846  -4.000  -1.154
Rotation matrix       
   0.707   0.000   0.707
   0.707   0.000  -0.707
   0.000   1.000   0.000
Rotated  hit point      -2.121  -0.490  -4.000
X index                997.879
Y index                999.510
Original hit point      -1.846  -4.000  -1.154
Rotation matrix       
   0.707   0.000   0.707
   0.707   0.000  -0.707
   0.000   1.000   0.000
Rotated  hit point      -2.121  -0.490  -4.000
X index                997.879
Y index                999.510

PIX:  ROW = 4 COL = 1 - WRL ( -0.4,  -2.3) - Original hit point      -0.615  -4.000  -1.154
Rotation matrix       
   0.707   0.000   0.707
   0.707   0.000  -0.707
   0.000   1.000   0.000
Rotated  hit point      -1.251   0.381  -4.000
X index                998.749
Y index               1000.381
Original hit point      -0.615  -4.000  -1.154
Rotation matrix       
   0.707   0.000   0.707
   0.707   0.000  -0.707
   0.000   1.000   0.000
Rotated  hit point      -1.251   0.381  -4.000
X index                998.749
Y index               1000.381
Original hit point      -0.615  -4.000  -1.154
Rotation matrix       
   0.707   0.000   0.707
   0.707   0.000  -0.707
   0.000   1.000   0.000
Rotated  hit point      -1.251   0.381  -4.000
X index                998.749
Y index               1000.381
Original hit point      -0.615  -4.000  -1.154
Rotation matrix       
   0.707   0.000   0.707
   0.707   0.000  -0.707
   0.000   1.000   0.000
Rotated  hit point      -1.251   0.381  -4.000
X index                998.749
Y index               1000.381
Original hit point      -0.615  -4.000  -1.154
Rotation matrix       
   0.707   0.000   0.707
   0.707   0.000  -0.707
   0.000   1.000   0.000
Rotated  hit point      -1.251   0.381  -4.000
X index                998.749
Y index               1000.381
Original hit point      -0.615  -4.000  -1.154
Rotation matrix       
   0.707   0.000   0.707
   0.707   0.000  -0.707
   0.000   1.000   0.000
Rotated  hit point      -1.251   0.381  -4.000
X index                998.749
Y index               1000.381

PIX:  ROW = 5 COL = 1 - WRL (  0.4,  -2.3) - Original hit point       0.615  -4.000  -1.154
Rotation matrix       
   0.707   0.000   0.707
   0.707   0.000  -0.707
   0.000   1.000   0.000
Rotated  hit point      -0.381   1.251  -4.000
X index                999.619
Y index               1001.251
Original hit point       0.615  -4.000  -1.154
Rotation matrix       
   0.707   0.000   0.707
   0.707   0.000  -0.707
   0.000   1.000   0.000
Rotated  hit point      -0.381   1.251  -4.000
X index                999.619
Y index               1001.251
Original hit point       0.615  -4.000  -1.154
Rotation matrix       
   0.707   0.000   0.707
   0.707   0.000  -0.707
   0.000   1.000   0.000
Rotated  hit point      -0.381   1.251  -4.000
X index                999.619
Y index               1001.251
Original hit point       0.615  -4.000  -1.154
Rotation matrix       
   0.707   0.000   0.707
   0.707   0.000  -0.707
   0.000   1.000   0.000
Rotated  hit point      -0.381   1.251  -4.000
X index                999.619
Y index               1001.251
Original hit point       0.615  -4.000  -1.154
Rotation matrix       
   0.707   0.000   0.707
   0.707   0.000  -0.707
   0.000   1.000   0.000
Rotated  hit point      -0.381   1.251  -4.000
X index                999.619
Y index               1001.251
Original hit point       0.615  -4.000  -1.154
Rotation matrix       
   0.707   0.000   0.707
   0.707   0.000  -0.707
   0.000   1.000   0.000
Rotated  hit point      -0.381   1.251  -4.000
X index                999.619
Y index               1001.251

PIX:  ROW = 6 COL = 1 - WRL (  1.3,  -2.3) - Original hit point       1.846  -4.000  -1.154
Rotation matrix       
   0.707   0.000   0.707
   0.707   0.000  -0.707
   0.000   1.000   0.000
Rotated  hit point       0.490   2.121  -4.000
X index               1000.490
Y index               1002.121
Original hit point       1.846  -4.000  -1.154
Rotation matrix       
   0.707   0.000   0.707
   0.707   0.000  -0.707
   0.000   1.000   0.000
Rotated  hit point       0.490   2.121  -4.000
X index               1000.490
Y index               1002.121
Original hit point       1.846  -4.000  -1.154
Rotation matrix       
   0.707   0.000   0.707
   0.707   0.000  -0.707
   0.000   1.000   0.000
Rotated  hit point       0.490   2.121  -4.000
X index               1000.490
Y index               1002.121
Original hit point       1.846  -4.000  -1.154
Rotation matrix       
   0.707   0.000   0.707
   0.707   0.000  -0.707
   0.000   1.000   0.000
Rotated  hit point       0.490   2.121  -4.000
X index               1000.490
Y index               1002.121
Original hit point       1.846  -4.000  -1.154
Rotation matrix       
   0.707   0.000   0.707
   0.707   0.000  -0.707
   0.000   1.000   0.000
Rotated  hit point       0.490   2.121  -4.000
X index               1000.490
Y index               1002.121
Original hit point       1.846  -4.000  -1.154
Rotation matrix       
   0.707   0.000   0.707
   0.707   0.000  -0.707
   0.000   1.000   0.000
Rotated  hit point       0.490   2.121  -4.000
X index               1000.490
Y index               1002.121

PIX:  ROW = 7 COL = 1 - WRL (  2.2,  -2.3) - Original hit point       3.077  -4.000  -1.154
Rotation matrix       
   0.707   0.000   0.707
   0.707   0.000  -0.707
   0.000   1.000   0.000
Rotated  hit point       1.360   2.992  -4.000
X index               1001.360
Y index               1002.992
Original hit point       3.077  -4.000  -1.154
Rotation matrix       
   0.707   0.000   0.707
   0.707   0.000  -0.707
   0.000   1.000   0.000
Rotated  hit point       1.360   2.992  -4.000
X index               1001.360
Y index               1002.992
Original hit point       3.077  -4.000  -1.154
Rotation matrix       
   0.707   0.000   0.707
   0.707   0.000  -0.707
   0.000   1.000   0.000
Rotated  hit point       1.360   2.992  -4.000
X index               1001.360
Y index               1002.992
Original hit point       3.077  -4.000  -1.154
Rotation matrix       
   0.707   0.000   0.707
   0.707   0.000  -0.707
   0.000   1.000   0.000
Rotated  hit point       1.360   2.992  -4.000
X index               1001.360
Y index               1002.992
Original hit point       3.077  -4.000  -1.154
Rotation matrix       
   0.707   0.000   0.707
   0.707   0.000  -0.707
   0.000   1.000   0.000
Rotated  hit point       1.360   2.992  -4.000
X index               1001.360
Y index               1002.992
Original hit point       3.077  -4.000  -1.154
Rotation matrix       
   0.707   0.000   0.707
   0.707   0.000  -0.707
   0.000   1.000   0.000
Rotated  hit point       1.360   2.992  -4.000
X index               1001.360
Y index               1002.992

PIX:  ROW = 8 COL = 1 - WRL (  3.1,  -2.3) - Original hit point       4.308  -4.000  -1.154
Rotation matrix       
   0.707   0.000   0.707
   0.707   0.000  -0.707
   0.000   1.000   0.000
Rotated  hit point       2.230   3.862  -4.000
X index               1002.230
Y index               1003.862
Original hit point       4.308  -4.000  -1.154
Rotation matrix       
   0.707   0.000   0.707
   0.707   0.000  -0.707
   0.000   1.000   0.000
Rotated  hit point       2.230   3.862  -4.000
X index               1002.230
Y index               1003.862
Original hit point       4.308  -4.000  -1.154
Rotation matrix       
   0.707   0.000   0.707
   0.707   0.000  -0.707
   0.000   1.000   0.000
Rotated  hit point       2.230   3.862  -4.000
X index               1002.230
Y index               1003.862
Original hit point       4.308  -4.000  -1.154
Rotation matrix       
   0.707   0.000   0.707
   0.707   0.000  -0.707
   0.000   1.000   0.000
Rotated  hit point       2.230   3.862  -4.000
X index               1002.230
Y index               1003.862
Original hit point       4.308  -4.000  -1.154
Rotation matrix       
   0.707   0.000   0.707
   0.707   0.000  -0.707
   0.000   1.000   0.000
Rotated  hit point       2.230   3.862  -4.000
X index               1002.230
Y index               1003.862
Original hit point       4.308  -4.000  -1.154
Rotation matrix       
   0.707   0.000   0.707
   0.707   0.000  -0.707
   0.000   1.000   0.000
Rotated  hit point       2.230   3.862  -4.000
X index               1002.230
Y index               1003.862

PIX:  ROW = 9 COL = 1 - WRL (  4.0,  -2.3) - Original hit point       5.538  -4.000  -1.154
Rotation matrix       
   0.707   0.000   0.707
   0.707   0.000  -0.707
   0.000   1.000   0.000
Rotated  hit point       3.100   4.732  -4.000
X index               1003.100
Y index               1004.732
Original hit point       5.538  -4.000  -1.154
Rotation matrix       
   0.707   0.000   0.707
   0.707   0.000  -0.707
   0.000   1.000   0.000
Rotated  hit point       3.100   4.732  -4.000
X index               1003.100
Y index               1004.732
Original hit point       5.538  -4.000  -1.154
Rotation matrix       
   0.707   0.000   0.707
   0.707   0.000  -0.707
   0.000   1.000   0.000
Rotated  hit point       3.100   4.732  -4.000
X index               1003.100
Y index               1004.732
Original hit point       5.538  -4.000  -1.154
Rotation matrix       
   0.707   0.000   0.707
   0.707   0.000  -0.707
   0.000   1.000   0.000
Rotated  hit point       3.100   4.732  -4.000
X index               1003.100
Y index               1004.732
Original hit point       5.538  -4.000  -1.154
Rotation matrix       
   0.707   0.000   0.707
   0.707   0.000  -0.707
   0.000   1.000   0.000
Rotated  hit point       3.100   4.732  -4.000
X index               1003.100
Y index               1004.732
Original hit point       5.538  -4.000  -1.154
Rotation matrix       
   0.707   0.000   0.707
   0.707   0.000  -0.707
   0.000   1.000   0.000
Rotated  hit point       3.100   4.732  -4.000
X index               1003.100
Y index               1004.732

PIX:  ROW = 0 COL = 2 - WRL ( -4.0,  -1.7) - Original hit point      -6.545  -4.000  -1.909
Rotation matrix       
   0.707   0.000   0.707
   0.707   0.000  -0.707
   0.000   1.000   0.000
Rotated  hit point      -5.978  -3.278  -4.000
X index                994.022
Y index                996.722
Original hit point      -6.545  -4.000  -1.909
Rotation matrix       
   0.707   0.000   0.707
   0.707   0.000  -0.707
   0.000   1.000   0.000
Rotated  hit point      -5.978  -3.278  -4.000
X index                994.022
Y index                996.722
Original hit point      -6.545  -4.000  -1.909
Rotation matrix       
   0.707   0.000   0.707
   0.707   0.000  -0.707
   0.000   1.000   0.000
Rotated  hit point      -5.978  -3.278  -4.000
X index                994.022
Y index                996.722
Original hit point      -6.545  -4.000  -1.909
Rotation matrix       
   0.707   0.000   0.707
   0.707   0.000  -0.707
   0.000   1.000   0.000
Rotated  hit point      -5.978  -3.278  -4.000
X index                994.022
Y index                996.722
Original hit point      -6.545  -4.000  -1.909
Rotation matrix       
   0.707   0.000   0.707
   0.707   0.000  -0.707
   0.000   1.000   0.000
Rotated  hit point      -5.978  -3.278  -4.000
X index                994.022
Y index                996.722
Original hit point      -6.545  -4.000  -1.909
Rotation matrix       
   0.707   0.000   0.707
   0.707   0.000  -0.707
   0.000   1.000   0.000
Rotated  hit point      -5.978  -3.278  -4.000
X index                994.022
Y index                996.722

PIX:  ROW = 1 COL = 2 - WRL ( -3.1,  -1.7) - Original hit point      -5.091  -4.000  -1.909
Rotation matrix       
   0.707   0.000   0.707
   0.707   0.000  -0.707
   0.000   1.000   0.000
Rotated  hit point      -4.950  -2.250  -4.000
X index                995.050
Y index                997.750
Original hit point      -5.091  -4.000  -1.909
Rotation matrix       
   0.707   0.000   0.707
   0.707   0.000  -0.707
   0.000   1.000   0.000
Rotated  hit point      -4.950  -2.250  -4.000
X index                995.050
Y index                997.750
Original hit point      -5.091  -4.000  -1.909
Rotation matrix       
   0.707   0.000   0.707
   0.707   0.000  -0.707
   0.000   1.000   0.000
Rotated  hit point      -4.950  -2.250  -4.000
X index                995.050
Y index                997.750
Original hit point      -5.091  -4.000  -1.909
Rotation matrix       
   0.707   0.000   0.707
   0.707   0.000  -0.707
   0.000   1.000   0.000
Rotated  hit point      -4.950  -2.250  -4.000
X index                995.050
Y index                997.750
Original hit point      -5.091  -4.000  -1.909
Rotation matrix       
   0.707   0.000   0.707
   0.707   0.000  -0.707
   0.000   1.000   0.000
Rotated  hit point      -4.950  -2.250  -4.000
X index                995.050
Y index                997.750
Original hit point      -5.091  -4.000  -1.909
Rotation matrix       
   0.707   0.000   0.707
   0.707   0.000  -0.707
   0.000   1.000   0.000
Rotated  hit point      -4.950  -2.250  -4.000
X index                995.050
Y index                997.750

PIX:  ROW = 2 COL = 2 - WRL ( -2.2,  -1.7) - Original hit point      -3.636  -4.000  -1.909
Rotation matrix       
   0.707   0.000   0.707
   0.707   0.000  -0.707
   0.000   1.000   0.000
Rotated  hit point      -3.921  -1.221  -4.000
X index                996.079
Y index                998.779
Original hit point      -3.636  -4.000  -1.909
Rotation matrix       
   0.707   0.000   0.707
   0.707   0.000  -0.707
   0.000   1.000   0.000
Rotated  hit point      -3.921  -1.221  -4.000
X index                996.079
Y index                998.779
Original hit point      -3.636  -4.000  -1.909
Rotation matrix       
   0.707   0.000   0.707
   0.707   0.000  -0.707
   0.000   1.000   0.000
Rotated  hit point      -3.921  -1.221  -4.000
X index                996.079
Y index                998.779
Original hit point      -3.636  -4.000  -1.909
Rotation matrix       
   0.707   0.000   0.707
   0.707   0.000  -0.707
   0.000   1.000   0.000
Rotated  hit point      -3.921  -1.221  -4.000
X index                996.079
Y index                998.779
Original hit point      -3.636  -4.000  -1.909
Rotation matrix       
   0.707   0.000   0.707
   0.707   0.000  -0.707
   0.000   1.000   0.000
Rotated  hit point      -3.921  -1.221  -4.000
X index                996.079
Y index                998.779
Original hit point      -3.636  -4.000  -1.909
Rotation matrix       
   0.707   0.000   0.707
   0.707   0.000  -0.707
   0.000   1.000   0.000
Rotated  hit point      -3.921  -1.221  -4.000
X index                996.079
Y index                998.779

PIX:  ROW = 3 COL = 2 - WRL ( -1.3,  -1.7) - Original hit point      -2.182  -4.000  -1.909
Rotation matrix       
   0.707   0.000   0.707
   0.707   0.000  -0.707
   0.000   1.000   0.000
Rotated  hit point      -2.893  -0.193  -4.000
X index                997.107
Y index                999.807
Original hit point      -2.182  -4.000  -1.909
Rotation matrix       
   0.707   0.000   0.707
   0.707   0.000  -0.707
   0.000   1.000   0.000
Rotated  hit point      -2.893  -0.193  -4.000
X index                997.107
Y index                999.807
Original hit point      -2.182  -4.000  -1.909
Rotation matrix       
   0.707   0.000   0.707
   0.707   0.000  -0.707
   0.000   1.000   0.000
Rotated  hit point      -2.893  -0.193  -4.000
X index                997.107
Y index                999.807
Original hit point      -2.182  -4.000  -1.909
Rotation matrix       
   0.707   0.000   0.707
   0.707   0.000  -0.707
   0.000   1.000   0.000
Rotated  hit point      -2.893  -0.193  -4.000
X index                997.107
Y index                999.807
Original hit point      -2.182  -4.000  -1.909
Rotation matrix       
   0.707   0.000   0.707
   0.707   0.000  -0.707
   0.000   1.000   0.000
Rotated  hit point      -2.893  -0.193  -4.000
X index                997.107
Y index                999.807
Original hit point      -2.182  -4.000  -1.909
Rotation matrix       
   0.707   0.000   0.707
   0.707   0.000  -0.707
   0.000   1.000   0.000
Rotated  hit point      -2.893  -0.193  -4.000
X index                997.107
Y index                999.807

PIX:  ROW = 4 COL = 2 - WRL ( -0.4,  -1.7) - Original hit point      -0.727  -4.000  -1.909
Rotation matrix       
   0.707   0.000   0.707
   0.707   0.000  -0.707
   0.000   1.000   0.000
Rotated  hit point      -1.864   0.836  -4.000
X index                998.136
Y index               1000.836
Original hit point      -0.727  -4.000  -1.909
Rotation matrix       
   0.707   0.000   0.707
   0.707   0.000  -0.707
   0.000   1.000   0.000
Rotated  hit point      -1.864   0.836  -4.000
X index                998.136
Y index               1000.836
Original hit point      -0.727  -4.000  -1.909
Rotation matrix       
   0.707   0.000   0.707
   0.707   0.000  -0.707
   0.000   1.000   0.000
Rotated  hit point      -1.864   0.836  -4.000
X index                998.136
Y index               1000.836
Original hit point      -0.727  -4.000  -1.909
Rotation matrix       
